9.37
7.65
13.80
15.09
4.02
9.32
11.19
17.68
6.39
11.67
19.96
8.85
13.77
16.21
15.71
6.74
17.68
8.57
19.43
13.40
8.53
13.17
16.80
8.07
8.36
7.27
8.90
13.44
12.63
15.68
14.82
4.32
11.85
13.80
7.25
13.80
12.43
8.25
11.79
11.67
18.31
7.89
17.16
15.06
17.86
8.00
12.82
19.06
14.31
13.10
10.43
8.11
9.28
11.41
19.15
9.63
12.83
12.07
11.64
18.88
19.13
16.65
19.92
8.59
8.16
4.56
8.34
14.01
11.42
19.90
18.01
19.16
17.43
7.18
7.87
18.63
16.12
19.98
17.34
17.24
19.90
13.47
8.76
12.47
11.93
6.92
7.15
15.33
16.64
12.51
11.49
7.99
10.83
12.26
19.36
16.60
7.27
13.69
10.79
9.04
6.60
5.51
19.43
10.01
18.60
9.93
16.61
11.48
4.28
15.11
5.80
6.17
5.39
14.17
7.65
4.57
6.57
5.76
13.42
18.19
16.29
19.39
6.78
19.32
14.61
19.41
4.90
8.53
11.18
7.12
15.88
4.03
17.25
8.66
15.17
9.40
8.54
10.00
12.63
4.34
8.80
18.88
9.39
4.29
13.29
7.57
10.59
12.54
9.34
18.41
16.02
8.46
4.33
10.71
7.70
17.06
17.87
11.92
15.84
13.69
10.46
5.66
9.59
5.51
19.21
5.56
5.22
7.01
4.08
6.15
11.45
19.20
16.19
4.60
6.85
10.61
7.56
6.25
18.32
10.36
9.12
6.12
17.96
14.01
5.07
10.70
16.29
15.66
15.63
4.29
6.33
10.60
6.56
5.19
8.11
4.50
8.15
8.09
7.56
16.63
